0000000
011523
015172
170653
071037
013756
100471
157445
073467
0000020
050163
124427
153403
031746
111354
065210
141746
111571
0000040
137433
032316
027612
175432
113530
117434
124555
162447
0000060
157170
102106
104435
017742
053662
051247
077651
100264
0000100
064715
117732
045371
140047
010041
161540
132760
006322
0000120
050132
065433
101163
007270
066600
051633
034705
024620
0000140
034346
135401
027534
040033
056221
035642
107216
111765
0000160
042223
134343
155062
071202
176531
177133
052251
035361
0000200
132573
100576
146204
072440
006611
120246
155147
023006
0000220
103763
025444
027464
044364
102015
025537
026147
154152
0000240
014560
034772
100257
066607
125345
043632
001341
015256
0000260
155244
143126
052722
111043
005316
011610
136434
112234
0000300
016001
004632
000017
111547
120550
004012
055551
057271
0000320
015517
010601
024136
004576
174662
127703
022004
075164
0000340
172320
104447
147520
164067
131211
047260
047710
056350
0000360
002266
056155
136250
125120
074567
161464
012655
003536
0000400
154143
057134
112521
147710
121031
